720
870
1133
1200
1220
1351
1398
1446
1571
1590
1705
1721
1980
2003
2313
2340
2441
2484
2618
2723
2791
2842
3151
3276
3311
3331
3354
3738
4034
4042
4074
4189
4320
4444
4464
4496
4722
4754
4958
5155
5334
5624
5671
5718
5795
5894
5942
6054
6355
6529
6757
6804
6876
6938
7069
7340
7596
7674
7775
8076
8108
8202
8234
8289
8394
8466
8509
8796
9072
9422
9599
9666
9680
9792
9860
10088
10115
10214
10292
10799
10950
10993
11012
11513
11565
11660
11863
12150
12428
12583
12698
12733
12930
13011
13568
13826
14130
14144
14288
14304
15014
15046
15270
15734
16009
16470
16617
16668
17455
17868
17888
18322
19088
19459
19768
20659
21164
22364
22610
23810